$ 1 0.000005 10.20027730826997 50 5 43 5e-11
R 192 128 192 80 0 0 40 5 0 0 0.5
r 192 192 192 128 0 330
R 48 256 0 256 0 0 40 0.8 0 0 0.5
s 48 256 128 256 0 1 false
t 128 256 192 256 2 1 -1.589717044517627 0.19222274429133754 100 default
g 192 272 192 320 0 0
162 192 208 288 208 2 default-led 1 0 0 0.01
g 288 208 336 208 0 0
w 192 192 192 208 0
w 192 208 192 240 0
x -2 112 94 115 4 24 Not\sGate
x 258 93 336 96 4 12 pull\sup\sresistor
423 192 144 261 97 0
x 241 237 264 240 4 12 LED
I 128 416 288 416 0 0.5 5
L 128 416 0 416 0 0 false 5 0
M 288 416 352 416 0 2.5
